111111001110
000010010110
111100100110
000011001101
111001111110
000011100000
111111000010
000000101011
111101100101
111100101100
000010001001
000000011100
111011100001
000000001100
111011000011
000010100011
111101010111
111111000110
111100101100
111111100000
000001001111
111101101110
000010001010
000001111000
111011000000
111111000100
000000101001
111011111110
000011110010
000110101011
111100010111
000001101101
111010011001
111010100100
111001111010
000100001110
111111011111
111010010111
000010011010
111110001011
111110000001
000010001100
111110111111
000010100011
000000001010
000000100100
000010010011
001010001010
111111010000
000000000000
000011011010
000011000010
111110101101
111001100010
111100110110
000110001111
000000011100
111111100011
000000011001
000000101011
000010111000
000011110000
000000011011
111111001111
111011011110
111110000111
111100110000
000100000000
000111001101
110101000001
000011000100
000000100000
111101000001
111101000100
000010110011
001000000001
111011000000
000000001111
000010011111
000000011100
000010100111
000110111010
000011100101
111011000110
000110101100
000100110110
111010101001
000001111110
000111001101
111100001011
111100110001
000010101111
000101010111
000111010000
111100000111
000001000100
000001100010
000010010000
111001001010
111011111011
111001000100
000100010000
111110011100
000010000101
000000100000
111011110100
000011111011
111110100111
000000111011
111100011110
000001011100
111101010000
111100110100
111011001101
000001101101
111101000110
000010110110
001001101110
000011011101
111010110001
111000000111
000110101010
000000011111
111010001111
000010111100
111010100110
111101011011
111100110010
110111010101
111111011000
000111001100
111010001001
000001011111
000011001000
111010100100
000001011001
111011100000
110100001000
000001010110
000100100011
000011001111
111011100001
111010011101
111110010111
001100011101
000001111000
111010110000
000000101001
000000001110
111011110110
111100100001
000000000000
000010111001
111010100101
111100001010
000011100000
000011011010
000110101000
000010101100
110110100011
111100100100
000000101000
111010111011
000010001111
111001111001
111100100101
111111111101
001000101011
111100101101
000101011010
111100011110
000000011001
000001110101
000100101011
111100011011
111100101010
000010001001
111111000000
110111110111
001100000001
000000101010
000001000000
000111001100
000101101000
111111011000
111110000010
000010010011
001000000011
000000100011
111101101100
000010000101
000000110010
000000100001
111101110100
111101110100
111110101111
111111010101
000000111100
111011010100
000000010011
000011010101
111100101110
111011011011
000000010100
111111100000
000010111100
111011100000
111100111110
000010101010
000010010100
000011111101
000110010101
000000100101
000011110101
111111011101
111110111110
001000001001
000110011111
111001111101
001000110111
111010111101
111000111110
000111101111
000101000100
000011111111
000100010001
111110010000
000001101011
111011011101
111110111001
000000110011
111111000110
000000010100
111110111011
111101001110
000000011001
000000011101
000001011100
000101100001
111100100000
111000010010
000000010010
111000100101
111110011100
000001011110
111111100001
111000110110
110111100100
000001110100
000001101111
111110010001
111110011111
000011001101
111110111011
000000110011
000011010111
000000101011
111111110001
000011111000
111101100000
111011000011
111111000100
111010100101
001011010110
111010100101
111110100111
111000000111
000010110000
000111001000
000001001011
000011010100
000111000100
000011011110
000101001111
000101000000
111100011100
001001110101
111010010011
111100111100
000101010001
000010010001
110110011001
000111010010
000001111001
000000101100
111011000000
111100110101
110111011101
111110100010
000010011100
000011111010
000001101110
111111111000
000110011011
000110001000
111100101010
111011101011
111000101000
111100001100
111111000111
111111110000
000101010011
000000011010
000001000001
000001001010
001001000011
000100000001
000011110011
000101000000
111101101010
000011010001
000011111010
000001101101
000010010011
000110000110
000001110110
000011011111
000001111100
111011111110
000100011011
000111100011
111110100110
111110101110
111101011101
111011001101
111100100000
111111110001
111100010010
000000101101
000011000001
111101101001
000111011000
000111010001
111111100000
111011100100
111101010010
111001100100
000010000100
111111010001
000000110100
111101000110
110101111000
000100110100
111011111101
000000001101
000001101110
000110100011
111111010000
111111000101
111101000101
111101110110
000111010010
111110000111
000001000100
000011011111
000011001010
000110110011
111111011111
000010000110
111110001000
000001111100
111111101000
000000000100
111000111111
111111010100
000001010000
000111011111
111100010110
000001110000
111100011001
111100111101
111010110011
111011111000
111100101101
000000101011
111101001011
000000100100
111101111011
111000100001
111010010011
111111011101
000011110101
111111100001
000001101111
000100111010
001000001101
000011010111
111111111111
111111110101
000010111110
000011110001
111101110111
111101110100
111110111101
111101111110
110111000101
000010110000
000011111000
000000100001
111101101010
