111111010001
110101100011
111011101110
000001110110
000001000101
000100111111
000010111001
000001100101
111011000101
111011001101
000011101010
111000010000
000001011101
111010111111
001000000100
111111101000
111101110100
111111101000
111100001000
000011101000
111101011011
111110011101
111011000011
000001010111
111111100110
111100001100
111111011011
000010010111
110011111111
111110011001
111010001010
000001111010
110110110000
111111011100
000000001110
111101010110
111000101110
001000000000
110111000011
111110000101
000111011110
111000000000
111011111100
000000111110
000011100111
111001000001
111110010101
000000110011
000000100001
111101101101
111100001110
000001100000
000001000000
000001000110
111000100111
000110011001
000011101011
000000011101
000010011000
000000001000
110101110111
000010101001
111110111011
000011101111
111101000100
000101011100
000001100000
000001011000
111010100100
111001001010
110111001010
111101101010
000001100010
111011110010
000000001110
110010100010
111011000101
000000101111
001000111001
111111010111
001000001011
111111010111
001011011100
111111101010
111101000111
110101011001
000000001110
000101001000
000110010101
111111000111
000101101001
001110000011
111100110111
001010001011
000000101101
111011111111
111011010110
110110110110
001000100000
111010100000
000101001001
111110011011
000111000111
000110010001
111101011110
001001010100
110111011011
000100101001
111101101110
111110001000
000010111001
000000011101
000000110011
000100000001
111100101000
111101111000
111000000110
000001010000
000100101000
110101111110
111000101000
000000010110
111010110010
000010011000
111111000000
111000011100
110010011010
000000100000
111100010011
111110010001
110111100011
111111100001
000010111110
111010000110
111001010010
110101011000
110110100011
000011111111
000001000111
000001110101
111011011011
111011011011
000110011101
110011001111
000001001010
000010110010
001000111110
001100011100
001010010101
000110111111
000001011100
000101101110
000000001101
000100111101
111111010011
001000001011
101110010111
000110011111
001010101100
111111011110
111100101111
110100100111
111100011101
111111001001
000111001000
110110111110
000100010011
000010111101
111111010010
111000001010
000111110111
111101110011
111001000000
000001000100
111011111101
111111110001
001001110000
111000000110
111101100001
000110001111
111010100001
000000011101
000110111110
000001000010
000100011100
111111111000
111111111000
111011101100
111000111100
000100010010
111111011100
000001000000
111011011000
111101100110
000011001010
000011100100
000001001010
000011111110
111110010101
111110111011
111011010110
111110011010
001000000010
000011111000
111001010001
000011010011
000111010100
000011110100
001001000011
111101100111
111000010000
000111100110
111110010010
001000100110
111111110001
111101100011
001001000101
111011101101
000011101011
111101101111
001100011010
111111101110
000110100110
000111101010
000001001110
111101010010
000101110101
111010100101
001110100011
001000100011
111110000000
111011111110
000000011000
000011001000
111100001000
000001111010
000001111001
000110101001
111101110001
111001011101
110000100000
111010101100
000010010010
000110000100
110011001100
001000011010
110010101111
111111010101
000011010011
000000110011
000111110011
111110001011
111111110111
111001100011
111111101000
000100001100
000000111100
111001010000
000100110110
111000011100
000110110100
110111110100
000011100011
001001000111
000011010111
111001110001
111101011001
001000111001
111100001011
111011000111
110111000111
111000100001
001000010000
000111000000
001000000110
000011010010
000100101111
111001000001
110010101010
000010111000
111000111010
001110001010
111011010111
000011011111
110101011001
000000010011
001011111011
000001100101
000111110110
000000100110
111100000101
111000010011
111101010100
000000110010
000100010001
111010111101
111011000011
111100111111
111011110010
000011000100
110001011100
111111011100
000100000111
000010111001
001101111011
111111100001
111001000101
000101110011
000000110101
110111101011
111100010110
000011011110
001000111000
111110011000
000100001011
111110111101
111111111111
111001111111
000010001010
000000010100
111011000011
000110001101
000001101010
000010101000
001000101010
111101010100
001110011001
000100010111
000100001100
111101000000
001001001110
000101100100
110100101101
111011101001
000010011101
000000000101
110111101111
000011000001
110111010010
111011010100
000011111000
111011111110
111011010101
111101110011
000100100001
111111001011
111100110100
111110000110
000011100001
111000100011
111111100111
000110100101
000110001011
000100010101
111000110101
000110100001
111001111110
111000101110
000001000011
111010111011
111111100001
001001010011
111001001001
000000100101
000011111101
000001001111
000000001011
111111111011
110110001010
000101000110
110110110001
001001001111
000001100011
000001110111
000010100101
000101110011
111010111011
111101001001
000010001000
000101111000
000011001010
000101101000
111010011011
111111000011
001010011101
000001011011
000010111000
111010110000
000000110101
000001101001
000001001111
000110011101
111011010100
000011110000
111101001111
000100110111
000110100110
111010010000
111111101001
110101101001
