111101011010
000100101110
111100111110
111011100100
111100101000
111101101101
111101110001
000000101110
111111100000
110101110101
000001000111
111111001110
111111001110
111110110010
111011011111
000000110010
000000010010
000011110011
111110101000
000000001001
000100011111
000001010011
111110010111
111101011100
001001011001
000000010111
001000110110
000010111110
000010101101
111110000001
000100000000
111000011101
111110101000
000110101011
111100111100
001010100011
111111111100
000001001110
000010101111
000000001110
001000110001
111110101000
000001101010
111011001100
110101100101
000000100101
000000011010
111110111110
111100011010
000010110000
111110011101
000010100111
000100100111
000000010110
000000000000
111011001101
000001000000
000100000011
000011111011
000000100011
111100111111
111001001101
111110110110
111110111100
111010111000
000000000001
111111111111
111100011100
111110111011
111010100101
111111011100
111110010001
000010100101
111010001001
000001100011
000100011110
111111111111
111110111111
111011010101
000010010110
111110010100
111000111010
111111101101
000100110010
111111100000
111111111000
110110010010
111111110010
111100000000
000100100110
111110101000
000000100010
111011000010
000001101101
000011110011
111101010110
000011110110
111011000100
000110011011
000011100011
000111110001
111111001111
000001100001
000100101111
000000010011
000100000000
000011111000
111100011111
111110011110
000011110100
000000001000
111110000110
000110001001
111011101000
111101001011
111101100011
111011001111
000000000111
111100100011
111100111100
111101010000
000000000111
000000011111
111100110111
111101110111
111110000000
000010110000
111001101001
111110011011
000000100100
111001111100
111000011110
000011001100
000000111110
000001001001
000001000101
000000110101
000000000100
000011010011
111001100001
000010110110
000000101011
000001111000
000110011111
111011011011
000010111010
111100000011
111100110001
111101011111
111110001011
000001001000
000000110101
000001101111
001001000110
001000110110
000100011101
111001010110
000100010101
111110001100
000000000101
111000001110
111100110101
000000111100
110101001101
111011100000
111100101111
111100010111
000001101010
111011100001
111111101101
111110110111
000110000011
111001111101
111100110100
111110000010
000000100001
000000010000
000011011110
000100011111
111101000110
111100110010
000001011101
111101111110
111111000111
000100010111
000000111101
111110010001
000100000101
000101111100
111101011011
111100101010
111110011110
000101101010
000000111100
111110101010
111101100101
111111010111
111100100101
000010100110
111111100010
111101000001
000000001100
000011100010
000001110001
000010010100
111101011000
111100010000
111111111100
111111000111
000110100001
000010110011
000011111101
111110111001
001000110001
000111100101
111011111110
000001101110
000000100101
111101001110
111110111001
000010101111
000000000010
111100001010
000111101010
000110010010
111101110100
110101101010
000011001101
111111100010
000000011011
000100001110
000110010001
000010111111
111111000001
000001110011
111011001010
000111001001
111101111001
001010011101
111011111101
111111001011
000100100001
000011110001
000111000010
111101000010
111100111110
001000100010
110110101010
000001110100
111110100101
000000100011
000111011101
000011110001
000011010000
111011010110
000100000000
111100001100
111111010001
111110001001
111110011111
000110000010
111011101000
110111001000
001000110011
111100010101
000011001010
111011011100
000001100011
111101000011
000111001011
111111010001
111101010001
111111100001
111101001000
111101101001
111111001000
000100110110
111011001000
000001110000
111101111011
000001010101
000001100110
001000000110
111001010010
000001110100
111101001001
111100001100
111101010101
000011000101
111111100011
111010111110
000000110011
000010010000
000000111110
111010011010
000011011111
111101101101
000111011001
001000110111
000010001110
000010101101
000001010110
111101110011
111111001110
000000000111
000101001110
000011010110
111001001101
000001011010
000000010010
111111101100
111111100100
111110101011
111101001011
000100011101
111110100000
111111010101
111110101010
000000001101
000010100011
111100010000
111011100010
000001010010
111001101111
110111111011
000001110001
111010111001
000010100110
111101110110
000011011110
000011111010
000001010110
111100000001
111101111010
111010110100
000011101011
111011010001
000000101011
111101011001
111110000010
111100111110
000001111110
000000110000
000000100101
000011110100
111110011001
000011011110
111110111011
111110101011
000000111110
111110011010
111111001010
000100101100
000000101111
111101100011
110110001110
111110110110
111111101011
111000111010
111100011111
000010100011
000010000010
111010110011
000010000110
111010110110
000110110111
111101010110
111111010111
111000110100
001001101011
000100000100
111110011100
000101001111
000110011011
000001100101
111111001011
111010100011
000011100011
111100101110
111110101111
000110110111
111110000110
000100011000
111111001010
111101101000
111011110110
000011010111
000110011110
000001110011
000000010010
000000110000
111101110001
111111111110
111110100000
111100100110
111111101001
111111001000
001011010110
000010011000
000010100101
