111001110000
111011000010
000000101001
111110101011
000011111110
111010011000
111101110011
000101011011
110111111110
000011010110
111110000001
000100000111
111111000110
001000010010
111101001111
111011111101
000010001110
111111100010
000001100111
000110001011
111010110000
111011100110
000000010111
000000111011
001001011000
001111100100
000011101010
111011100110
111101111001
001101000101
111111011000
000011000010
001000011101
110101110011
111000101110
000110001100
111011100101
111010100111
000111100010
111111101010
111100111001
000011100001
111001001011
000011000111
000110011110
001001011010
001000100000
001110000000
000000001100
111111010010
111001011011
001001001001
111110100101
111111110011
111011100011
110101101101
111110110000
000010000000
111111010100
111011111010
000100010010
111111101110
111101110011
000110010001
110111010001
000001111101
110100100000
000101111000
000001110111
110011110011
000011000010
111111010000
111111101100
111111110000
111101010001
001000011011
000000100011
000010010111
000101001011
111101000111
111000100101
111011001111
001011010001
111100100101
111101111101
001001110011
111101011110
111000011010
111110110101
111010101001
111010001000
111010100000
111101011001
000100001111
111100111100
000011011000
001011000101
001000011111
000110000110
111101100110
110111011110
111111010110
111110110111
000010100001
000010100110
000000001100
111011100111
111111001011
000011000011
000001010001
111111010011
000000000011
111000101010
000010011100
001010010111
111101010011
111110011110
001010101100
000011110101
001000110101
111001011111
000100110111
000001000100
110110110100
000100001101
111110010001
000001111011
111010011011
111011111001
000000110011
000110110000
111111110010
000010111101
000100111011
110000100010
111110000110
000100110011
000100000011
110101101000
001000111000
000110011001
111110011111
110110110000
000000010110
111010011001
111011101101
111100011011
111111010101
000011100100
111000101000
111111000111
000000100111
001010000011
111000000101
111101100111
110110011101
000001011010
000000011110
000111101010
000111010010
110000101111
000000010011
110100011000
000010000100
111111011100
111000010000
111011100110
000110001010
111010101111
110111101001
000010110100
110101110010
000001011110
000000001010
000011010010
111110010000
000000010100
111111001100
110100011111
000110000111
111101000100
110111000110
001001100010
001001010010
000011000101
000010001001
000001001001
001110001111
000001010010
111101011000
000010100011
111011101011
000000011101
000101110101
000001110000
000010000010
000100111111
000011110101
111110000001
000101110011
111111001101
111111111011
000000111110
111110100110
111100101010
111101111110
111100000010
111110110000
001011110011
111100100101
111010001111
111001011001
000000110100
000011111010
000011100011
111000001011
000010100000
111011010110
111110010100
001100110010
000010000001
101111001101
001001001110
000011100100
000011101101
111011111111
000111001011
000100110001
000101000101
111111001001
000111010100
000010000000
000101001101
010001001011
000000101011
111101001101
111010111101
111000100111
000001111001
000010010001
000011110110
000100101010
111100110111
110011000011
000000100001
000001010111
000111000010
111011011000
000111011000
111010000110
000100010000
000101011100
111010001011
000001010111
000010011101
111110001001
111100110110
111010101010
000001011111
001011011111
000000000010
111111011100
101100110111
000000000001
111110101000
110101011110
111010010101
000100010111
110100101100
111111011010
000101110001
000100101111
111100100010
000111001110
000001011010
000011100100
000010011010
000000010110
111001110010
111000110110
111110011001
001001000011
111011011110
000011011010
001010000011
111111111011
111001100110
111011011110
111111110001
111010111101
001101001111
000010101111
000000001001
111110011111
000001011110
000001100110
001000101000
111110011100
111011110010
111101111110
110111010100
111111011110
111001011000
000101110110
000001011011
000011001001
111110110000
111111110000
000111101110
110111110000
111110111111
111110111111
111111110001
000010111001
111011101010
111101101100
000100110111
000100100111
111000111011
111100010011
110100111111
111011010111
111100101100
111011010100
000011101111
111111100011
000010111011
000010011101
111111100000
111001000110
111100100001
111110101001
001001100100
111010010110
000001111001
111101110111
111011110100
111010100100
111010101001
111111011101
000010110110
110101111010
000111100001
111100010101
000000111010
000011011110
111100011101
000100001011
000100111001
001000111101
111101110111
111110100101
110110100100
000011011100
000110001100
000110111010
001000100011
111110101101
000001111111
000010011111
111111111100
110101100110
001000011010
111100110110
111011101101
000100100101
001000011111
000110101001
001000101101
111010111111
111100110001
111011101001
111000011010
110111011110
111001010011
111110000001
000001000001
000001011111
000011000001
111101010011
110011101101
111000111111
110110100011
000100001001
000001111101
000001100101
000100010101
110110111111
111011101011
111111110001
000101011000
110110111000
000101000100
111001000000
000111000111
111001000001
110111100110
000110101110
000001001001
000010010001
